1.000000000000000000e+00 8.349374669238596169e-01 9.104808298582051096e-01 9.137351491330399922e-01 7.798072397867722438e-02 8.217576801126925956e-03 5.127431254857002518e-02 7.068365454703688655e-02 1.055938329379496332e-01 2.144900816324443391e-02 1.887093533748912255e-01 2.167395149936755458e-02 2.519828679052215845e-02 7.953248189517264644e-02 -5.571942615573939606e-02 -1.712244229154528674e-01
8.349374669238596169e-01 1.000000000000000000e+00 7.613847933407725810e-01 8.656392422306008472e-01 9.285936506603666152e-02 4.449893776704885034e-02 9.810909950024183923e-02 2.201933179653089989e-02 2.682897406047029740e-02 2.910182413986394517e-02 1.462720764568155307e-01 -6.965984868874104674e-02 1.760336408960458420e-04 1.362524495290056981e-01 -5.795449138632673830e-02 -1.989320829994889739e-01
9.104808298582051096e-01 7.613847933407725810e-01 1.000000000000000000e+00 8.387306820867446167e-01 4.083262716221023464e-02 -2.551933314901373359e-02 7.713311744481119586e-03 1.477006985301195646e-02 1.320700759648254508e-01 5.533248621925430932e-02 1.427281661833364468e-01 7.592925222154373044e-02 1.146122271628917041e-02 2.545880346155663526e-02 -4.521252555897564696e-02 -1.496728472840434254e-01
9.137351491330399922e-01 8.656392422306008472e-01 8.387306820867446167e-01 1.000000000000000000e+00 1.007649576809172831e-01 -1.856688122117348960e-02 7.457049502638593563e-02 3.464706755340804523e-02 5.278572232102203554e-02 -3.579294553634611298e-02 1.523039404666847729e-01 1.184888855037154187e-02 2.280553645129718490e-02 2.602556515693133649e-02 -4.252106078780917148e-02 -1.629718654517403331e-01
7.798072397867722438e-02 9.285936506603666152e-02 4.083262716221023464e-02 1.007649576809172831e-01 1.000000000000000000e+00 9.888304781632241136e-01 9.913721419978397398e-01 9.933602736687402457e-01 -7.023595145396738584e-03 4.828535505984353493e-02 4.976877181795169407e-03 5.790559890124878650e-02 5.228450380161328015e-01 7.213251263955783310e-01 5.835869052799124157e-01 4.358046346733880916e-01
8.217576801126925956e-03 4.449893776704885034e-02 -2.551933314901373359e-02 -1.856688122117348960e-02 9.888304781632241136e-01 1.000000000000000000e+00 9.916066423868884483e-01 9.900561390691191566e-01 -6.258431235121042491e-02 2.707276625481978491e-02 8.341112829113830895e-03 2.393982545728222389e-02 5.849388634975909440e-01 7.621126250822104486e-01 6.132034808748929589e-01 4.573042449281840560e-01
5.127431254857002518e-02 9.810909950024183923e-02 7.713311744481119586e-03 7.457049502638593563e-02 9.913721419978397398e-01 9.916066423868884483e-01 1.000000000000000000e+00 9.935291399954385705e-01 8.006822516747914842e-02 2.200673338848675720e-02 -1.238270903037128751e-02 8.030845789998676543e-02 5.065578770910933448e-01 7.403517618385019317e-01 5.538535028170594732e-01 4.365168515939901184e-01
7.068365454703688655e-02 2.201933179653089989e-02 1.477006985301195646e-02 3.464706755340804523e-02 9.933602736687402457e-01 9.900561390691191566e-01 9.935291399954385705e-01 1.000000000000000000e+00 4.132831953824767654e-04 2.962120592324230320e-02 -3.124262884605893791e-03 5.557536579728495491e-02 5.375778537997956130e-01 7.350958503809172928e-01 5.394216413421277778e-01 4.684869579038368759e-01
1.055938329379496332e-01 2.682897406047029740e-02 1.320700759648254508e-01 5.278572232102203554e-02 -7.023595145396738584e-03 -6.258431235121042491e-02 8.006822516747914842e-02 4.132831953824767654e-04 1.000000000000000000e+00 5.540005988893417221e-01 5.666949419733785520e-01 4.965360990131558183e-01 -6.955843868611316649e-02 3.202519498489379834e-02 2.370453553255418011e-02 -5.436925887224813847e-02
2.144900816324443391e-02 2.910182413986394517e-02 5.533248621925430932e-02 -3.579294553634611298e-02 4.828535505984353493e-02 2.707276625481978491e-02 2.200673338848675720e-02 2.962120592324230320e-02 5.540005988893417221e-01 1.000000000000000000e+00 6.002228546902557138e-01 5.570888057509193469e-01 7.303565883256141200e-02 -1.388239590173705358e-02 1.470984731668398549e-01 2.829683331435814408e-02
1.887093533748912255e-01 1.462720764568155307e-01 1.427281661833364468e-01 1.523039404666847729e-01 4.976877181795169407e-03 8.341112829113830895e-03 -1.238270903037128751e-02 -3.124262884605893791e-03 5.666949419733785520e-01 6.002228546902557138e-01 1.000000000000000000e+00 4.374467729098439062e-01 2.671632307382231300e-02 1.885094584867859635e-01 -1.731344291588614304e-02 5.913853300453245088e-02
2.167395149936755458e-02 -6.965984868874104674e-02 7.592925222154373044e-02 1.184888855037154187e-02 5.790559890124878650e-02 2.393982545728222389e-02 8.030845789998676543e-02 5.557536579728495491e-02 4.965360990131558183e-01 5.570888057509193469e-01 4.374467729098439062e-01 1.000000000000000000e+00 1.019069497558169630e-03 7.216296348377693182e-02 2.436958882718150143e-01 -1.670987967276905406e-01
2.519828679052215845e-02 1.760336408960458420e-04 1.146122271628917041e-02 2.280553645129718490e-02 5.228450380161328015e-01 5.849388634975909440e-01 5.065578770910933448e-01 5.375778537997956130e-01 -6.955843868611316649e-02 7.303565883256141200e-02 2.671632307382231300e-02 1.019069497558169630e-03 1.000000000000000000e+00 5.729670046106050130e-01 5.316399353917936610e-01 5.522766121252735694e-01
7.953248189517264644e-02 1.362524495290056981e-01 2.545880346155663526e-02 2.602556515693133649e-02 7.213251263955783310e-01 7.621126250822104486e-01 7.403517618385019317e-01 7.350958503809172928e-01 3.202519498489379834e-02 -1.388239590173705358e-02 1.885094584867859635e-01 7.216296348377693182e-02 5.729670046106050130e-01 1.000000000000000000e+00 6.165899389805929998e-01 3.801576889433364581e-01
-5.571942615573939606e-02 -5.795449138632673830e-02 -4.521252555897564696e-02 -4.252106078780917148e-02 5.835869052799124157e-01 6.132034808748929589e-01 5.538535028170594732e-01 5.394216413421277778e-01 2.370453553255418011e-02 1.470984731668398549e-01 -1.731344291588614304e-02 2.436958882718150143e-01 5.316399353917936610e-01 6.165899389805929998e-01 1.000000000000000000e+00 4.894033893347890518e-01
-1.712244229154528674e-01 -1.989320829994889739e-01 -1.496728472840434254e-01 -1.629718654517403331e-01 4.358046346733880916e-01 4.573042449281840560e-01 4.365168515939901184e-01 4.684869579038368759e-01 -5.436925887224813847e-02 2.829683331435814408e-02 5.913853300453245088e-02 -1.670987967276905406e-01 5.522766121252735694e-01 3.801576889433364581e-01 4.894033893347890518e-01 1.000000000000000000e+00
